374
2.045453 , 3, 1, 0, 2.04545323988971, 0
2.293392 , 3, 1, 0, 2.29339240579044, 0
2.541324 , 3, 1, 0, 2.54132439108456, 0
2.789256 , 3, 1, 0, 2.78925637637868, 0
3.037195 , -1, 1, 0, 3.03719554227941, 0
3.285128 , 3, 4, 0, 3.28512752757353, 0
3.53306 , 3, 4, 0, 3.53305951286765, 0
3.657026 , 3, 4, 0, 3.65702550551471, 0
3.904965 , 3, 4, 0, 3.90496467141544, 0
4.028931 , -1, 1, 0, 4.0289306640625, 0
4.276863 , -1, 1, 0, 4.27686264935662, 0
4.524795 , -1, 1, 0, 4.52479463465074, 0
4.772734 , -1, 1, 0, 4.77273380055147, 0
5.020666 , 3, 1, 0, 5.02066578584559, 0
5.392571 , 3, 4, 0, 5.39257094439338, 0
5.516537 , 3, 4, 0, 5.51653693704044, 0
5.640503 , -1, 4, 0, 5.6405029296875, 0
5.888435 , -1, 1, 0, 5.88843491498162, 0
6.012401 , -1, 1, 0, 6.01240090762868, 0
6.26034 , -1, 1, 0, 6.26034007352941, 0
6.508272 , 3, 1, 0, 6.50827205882353, 0
6.756204 , 3, 1, 0, 6.75620404411765, 0
7.004143 , -1, 1, 0, 7.00414321001838, 0
7.252075 , 3, 1, 0, 7.2520751953125, 0
7.500007 , 3, 1, 0, 7.50000718060662, 0
7.747946 , 3, 1, 0, 7.74794634650735, 0
7.995878 , -1, 1, 0, 7.99587833180147, 0
8.243811 , -1, 1, 0, 8.24381031709559, 0
8.491742 , -1, 1, 0, 8.49174230238971, 0
8.739675 , -1, 1, 0, 8.73967428768382, 0
8.987606 , 3, 1, 0, 8.98760627297794, 0
9.48347 , 3, 1, 0, 9.48347024356618, 0
9.979342 , -1, 1, 0, 9.97934139476103, 0
10.22727 , -1, 1, 0, 10.2272733800551, 0
10.4752 , -1, 1, 0, 10.4751981847426, 0
10.59917 , 3, 1, 0, 10.5991713579963, 0
10.72314 , -1, 1, 0, 10.7231373506434, 0
10.97107 , 3, 4, 0, 10.9710693359375, 0
11.34297 , 3, 4, 0, 11.3429673138787, 0
11.83883 , 3, 1, 0, 11.8388312844669, 0
11.9628 , 3, 1, 0, 11.962797277114, 0
12.21073 , 3, 1, 0, 12.2107292624081, 0
12.45866 , 3, 1, 0, 12.4586612477022, 0
12.7066 , 3, 1, 0, 12.7066004136029, 0
12.95453 , -1, 1, 0, 12.9545323988971, 0
13.32643 , 3, 4, 0, 13.3264303768382, 0
13.82229 , -1, 1, 0, 13.8222871668199, 0
13.94626 , -1, 1, 0, 13.9462603400735, 0
14.19419 , -1, 1, 0, 14.1941923253676, 0
14.44212 , -1, 1, 0, 14.4421171300551, 0
14.69006 , -1, 1, 0, 14.6900562959559, 0
14.93799 , 3, 1, 0, 14.93798828125, 0
15.18592 , 3, 1, 0, 15.1859202665441, 0
15.43385 , 3, 1, 0, 15.4338522518382, 0
15.68178 , 3, 1, 0, 15.6817770565257, 0
15.92972 , 3, 2, 1, 15.9297234030331, 0
15.92972 , -1, 2, 1, 15.9297234030331, 0
16.92145 , 3, 2, 2, -68.6038818359375, 0
16.92145 , -1, 2, 2, -68.6038818359375, 0
17.41731 , 5, 3, 0, 17.4173081341912, 0
17.91318 , 5, 6, 0, 17.913179285386, 0
18.16111 , -1, 1, 0, 18.1611112706801, 0
18.16111 , 3, 4, 0, 18.1611112706801, 0
18.40904 , -1, 1, 0, 18.4090432559743, 0
18.40904 , 3, 4, 0, 18.4090432559743, 0
18.65697 , -1, 6, 0, 18.6569680606618, 0
18.90491 , -1, 4, 0, 18.9049072265625, 0
18.90491 , 3, 1, 0, 18.9049072265625, 0
19.15284 , 3, 1, 0, 19.1528392118566, 0
19.15284 , -1, 4, 0, 19.1528392118566, 0
19.40077 , 3, 1, 0, 19.4007711971507, 0
19.40077 , -1, 4, 0, 19.4007711971507, 0
19.6487 , 5, 6, 0, 19.6487031824449, 0
19.89664 , -1, 4, 0, 19.8966423483456, 0
19.89664 , 3, 1, 0, 19.8966423483456, 0
20.14457 , 3, 1, 0, 20.1445671530331, 0
20.14457 , -1, 4, 0, 20.1445671530331, 0
20.3925 , 3, 1, 0, 20.3924991383272, 0
20.3925 , -1, 4, 0, 20.3924991383272, 0
20.64043 , -1, 6, 0, 20.6404311236213, 0
20.88837 , 3, 4, 0, 20.8883702895221, 0
20.88837 , -1, 1, 0, 20.8883702895221, 0
21.1363 , -1, 1, 0, 21.1363022748162, 0
21.1363 , 3, 4, 0, 21.1363022748162, 0
21.38423 , -1, 1, 0, 21.3842270795037, 0
21.38423 , 3, 4, 0, 21.3842270795037, 0
21.63216 , -1, 1, 0, 21.6321590647978, 0
21.63216 , 3, 4, 0, 21.6321590647978, 0
21.8801 , -1, 4, 0, 21.8800982306985, 0
21.8801 , 3, 1, 0, 21.8800982306985, 0
22.12803 , -1, 4, 0, 22.1280302159926, 0
22.12803 , 3, 1, 0, 22.1280302159926, 0
22.37596 , 3, 1, 0, 22.3759622012868, 0
22.37596 , -1, 4, 0, 22.3759622012868, 0
22.62389 , 5, 6, 0, 22.6238870059743, 0
22.87183 , -1, 4, 0, 22.8718333524816, 0
22.87183 , 3, 1, 0, 22.8718333524816, 0
23.11976 , -1, 4, 0, 23.1197581571691, 0
23.11976 , 3, 1, 0, 23.1197581571691, 0
23.36769 , -1, 6, 0, 23.3676901424632, 0
23.61562 , -1, 6, 0, 23.6156221277574, 0
23.86356 , 3, 1, 0, 23.8635612936581, 0
24.11149 , 3, 1, 0, 24.1114932789522, 0
24.35942 , 3, 1, 0, 24.3594180836397, 0
24.60735 , -1, 1, 0, 24.6073500689338, 0
24.85529 , -1, 4, 0, 24.8552892348346, 0
25.35115 , 3, 1, 0, 25.3511496151195, 0
25.84702 , -1, 6, 0, 25.8470207663143, 0
26.09495 , 3, 1, 0, 26.0949491613051, 0
26.34288 , 3, 1, 0, 26.3428811465993, 0
26.59081 , 3, 1, 0, 26.5908095415901, 0
26.83875 , -1, 1, 0, 26.8387522977941, 0
27.83047 , 3, 1, 0, 27.8304694680607, 0
28.07841 , 3, 1, 0, 28.0784086339614, 0
28.32634 , -1, 1, 0, 28.3263406192555, 0
28.57427 , -1, 1, 0, 28.5742690142463, 0
28.8222 , 3, 1, 0, 28.8222009995404, 0
28.8222 , -1, 1, 0, 28.8222009995404, 0
29.31807 , -1, 1, 0, 29.318068560432, 0
29.81393 , -1, 1, 0, 29.8139289407169, 0
30.06187 , -1, 1, 0, 30.061871696921, 0
30.3098 , 3, 1, 0, 30.3098000919118, 0
30.55773 , -1, 1, 0, 30.5577284869026, 0
30.80566 , 3, 1, 0, 30.8056604721967, 0
31.0536 , -1, 1, 0, 31.0535996380974, 0
31.30153 , 3, 1, 0, 31.3015316233915, 0
31.54946 , 3, 1, 0, 31.5494600183824, 0
31.7974 , 3, 1, 0, 31.7973991842831, 0
33.78091 , -1, 4, 0, 33.7809089211857, 0
34.02884 , 5, 6, 0, 34.0288373161765, 0
34.27678 , -1, 4, 0, 34.2767800723805, 0
34.52473 , 5, 6, 0, 34.5247300091912, 0
34.77267 , -1, 4, 0, 34.7726691750919, 0
35.0206 , 5, 6, 0, 35.020601160386, 0
35.26854 , -1, 4, 0, 35.2685403262868, 0
35.51649 , 5, 6, 0, 35.5164902630974, 0
35.76443 , -1, 4, 0, 35.7644294289982, 0
36.01236 , 5, 6, 0, 36.012357823989, 0
36.2603 , -1, 4, 0, 36.260300580193, 0
36.50825 , 5, 6, 0, 36.5082505170037, 0
36.75619 , -1, 4, 0, 36.7561896829044, 0
37.00412 , 5, 6, 0, 37.0041216681985, 0
37.25206 , 5, 6, 0, 37.2520608340993, 0
37.74796 , 3, 4, 0, 37.7479607077206, 0
37.99588 , -1, 6, 0, 37.9958783318015, 0
38.24382 , 3, 4, 0, 38.2438210880055, 0
38.49177 , -1, 6, 0, 38.4917710248162, 0
38.73971 , 3, 4, 0, 38.7397101907169, 0
38.98764 , -1, 6, 0, 38.987642176011, 0
39.23558 , 3, 4, 0, 39.2355813419118, 0
39.48353 , -1, 6, 0, 39.4835276884191, 0
39.73147 , 3, 4, 0, 39.7314668543199, 0
39.9794 , -1, 6, 0, 39.979398839614, 0
40.22734 , 3, 4, 0, 40.227341595818, 0
40.47529 , -1, 6, 0, 40.4752879423254, 0
40.72323 , -1, 6, 0, 40.7232271082261, 0
40.97116 , -1, 6, 0, 40.9711626838235, 0
41.2191 , 5, 6, 0, 41.2191018497243, 0
41.71499 , -1, 4, 0, 41.7149873621324, 0
41.96292 , 5, 6, 0, 41.9629193474265, 0
42.21087 , 3, 4, 0, 42.2108692842371, 0
42.45881 , -1, 6, 0, 42.4588084501379, 0
42.70675 , -1, 4, 0, 42.7067476160386, 0
42.95469 , 5, 6, 0, 42.9546903722426, 0
43.20263 , 3, 4, 0, 43.2026295381434, 0
43.45057 , -1, 6, 0, 43.4505687040441, 0
43.69851 , 3, 4, 0, 43.6985078699449, 0
43.94645 , -1, 6, 0, 43.9464506261489, 0
44.19439 , 3, 4, 0, 44.1943897920496, 0
44.44233 , -1, 1, 0, 44.4423289579504, 0
44.69027 , -1, 6, 0, 44.6902681238511, 0
44.93821 , -1, 6, 0, 44.9382108800551, 0
45.18615 , 5, 6, 0, 45.1861500459559, 0
45.68203 , -1, 4, 0, 45.6820283777574, 0
45.92997 , 5, 6, 0, 45.9299711339614, 0
46.17791 , -1, 4, 0, 46.1779102998621, 0
46.42585 , 5, 6, 0, 46.4258494657629, 0
46.67379 , -1, 4, 0, 46.6737886316636, 0
46.92173 , 5, 6, 0, 46.9217313878676, 0
47.16967 , -1, 4, 0, 47.1696705537684, 0
47.41761 , 5, 6, 0, 47.4176097196691, 0
47.66555 , 3, 4, 0, 47.6655488855699, 0
47.91349 , -1, 6, 0, 47.9134916417739, 0
48.16143 , 3, 4, 0, 48.1614308076746, 0
48.40937 , -1, 6, 0, 48.4093699735754, 0
48.65731 , 3, 4, 0, 48.6573091394761, 0
48.90525 , -1, 6, 0, 48.9052518956801, 0
49.15319 , -1, 6, 0, 49.1531910615809, 0
49.64907 , 3, 4, 0, 49.6490693933824, 0
49.89701 , -1, 6, 0, 49.8970121495864, 0
50.14495 , 3, 4, 0, 50.1449513154871, 0
50.39289 , -1, 6, 0, 50.3928904813879, 0
50.64083 , -1, 4, 0, 50.6408296472886, 0
50.88877 , 5, 6, 0, 50.8887724034926, 0
51.13671 , -1, 4, 0, 51.1367115693934, 0
51.38465 , 5, 6, 0, 51.3846507352941, 0
51.63259 , 3, 4, 0, 51.6325899011949, 0
51.88053 , -1, 6, 0, 51.8805326573989, 0
52.12847 , 3, 4, 0, 52.1284718232996, 0
52.37641 , -1, 6, 0, 52.3764109892004, 0
52.62436 , 5, 6, 0, 52.624360926011, 0
52.87229 , -1, 6, 0, 52.8722929113051, 0
53.12023 , -1, 6, 0, 53.1202320772059, 0
53.61611 , -1, 4, 0, 53.6161104090074, 0
53.86405 , 5, 6, 0, 53.8640531652114, 0
54.11199 , -1, 4, 0, 54.1119923311121, 0
54.35993 , 5, 6, 0, 54.3599279067096, 0
54.60787 , 3, 4, 0, 54.6078670726103, 0
54.8558 , -1, 6, 0, 54.8557990579044, 0
55.10375 , 3, 4, 0, 55.1037489947151, 0
55.35169 , -1, 6, 0, 55.3516881606158, 0
55.59963 , 3, 4, 0, 55.5996309168199, 0
55.84757 , -1, 6, 0, 55.8475700827206, 0
56.09551 , 3, 4, 0, 56.0955092486213, 0
56.34345 , -1, 6, 0, 56.3434484145221, 0
56.59139 , 3, 4, 0, 56.5913875804228, 0
56.83932 , 5, 6, 0, 56.8393195657169, 0
57.08727 , -1, 4, 0, 57.0872695025276, 0
57.33521 , -1, 6, 0, 57.3352086684283, 0
57.58315 , 3, 4, 0, 57.5831514246324, 0
57.83109 , 5, 6, 0, 57.8310905905331, 0
58.07903 , -1, 4, 0, 58.0790297564338, 0
58.32697 , -1, 6, 0, 58.3269689223346, 0
58.57491 , -1, 6, 0, 58.5749080882353, 0
58.82285 , 5, 6, 0, 58.822847254136, 0
59.07079 , -1, 6, 0, 59.0707900103401, 0
59.31873 , -1, 6, 0, 59.3187291762408, 0
59.56667 , -1, 4, 0, 59.5666719324449, 0
59.81461 , 5, 6, 0, 59.8146110983456, 0
60.06255 , 3, 4, 0, 60.0625502642463, 0
60.31049 , 3, 1, 0, 60.3104894301471, 0
60.55843 , -1, 6, 0, 60.5584285960478, 0
60.80637 , -1, 6, 0, 60.8063677619485, 0
61.05431 , -1, 6, 0, 61.0543141084559, 0
61.55019 , 3, 4, 0, 61.5501924402574, 0
61.79813 , -1, 1, 0, 61.7981316061581, 0
62.04607 , -1, 1, 0, 62.0460707720588, 0
62.29401 , 3, 1, 0, 62.2940099379596, 0
62.54195 , -1, 4, 0, 62.5419491038603, 0
62.78989 , 3, 1, 0, 62.789888269761, 0
63.03783 , -1, 1, 0, 63.0378274356618, 0
63.28577 , 3, 1, 0, 63.2857737821691, 0
63.53371 , 3, 1, 0, 63.5337129480699, 0
63.53371 , -1, 1, 0, 63.5337129480699, 0
63.78165 , 3, 1, 0, 63.7816521139706, 0
64.02959 , 3, 1, 0, 64.0295840992647, 0
64.27753 , -1, 1, 0, 64.2775304457721, 0
64.52545 , 3, 1, 0, 64.5254480698529, 0
64.77338 , -1, 1, 0, 64.7733800551471, 0
65.0213 , 3, 1, 0, 65.0212976792279, 0
65.76508 , -1, 1, 0, 65.7650792738971, 0
66.013 , -1, 1, 0, 66.0129968979779, 0
66.26093 , -1, 1, 0, 66.2609288832721, 0
66.50885 , 3, 1, 0, 66.5088465073529, 0
66.75677 , 3, 1, 0, 66.7567641314338, 0
67.0047 , -1, 1, 0, 67.0046961167279, 0
67.25262 , 3, 1, 0, 67.2526137408088, 0
67.74847 , -1, 1, 0, 67.7484633501838, 0
67.9964 , 3, 1, 0, 67.9963953354779, 0
68.24432 , 3, 1, 0, 68.2443273207721, 0
68.49225 , -1, 2, 1, 68.4922449448529, 0
68.9881 , -1, 2, 2, -16.5372386259191, 0
68.9881 , 3, 1, 0, 68.9880945542279, 0
69.23602 , 3, 1, 0, 69.2360265395221, 0
69.48395 , -1, 4, 0, 69.4839441636029, 0
69.73187 , 3, 1, 0, 69.7318761488971, 0
69.9798 , 3, 1, 0, 69.9797937729779, 0
70.22772 , 3, 1, 0, 70.2277257582721, 0
70.47565 , -1, 1, 0, 70.4756433823529, 0
70.72357 , 3, 1, 0, 70.7235753676471, 0
70.9715 , 3, 1, 0, 70.9714929917279, 0
71.21942 , 3, 1, 0, 71.2194249770221, 0
71.46735 , 3, 1, 0, 71.4673426011029, 0
71.71527 , -1, 1, 0, 71.7152745863971, 0
71.9632 , 3, 1, 0, 71.9632065716912, 0
72.21112 , -1, 1, 0, 72.2111241957721, 0
72.45905 , 3, 1, 0, 72.4590561810662, 0
72.70697 , 3, 1, 0, 72.7069738051471, 0
72.9549 , 3, 1, 0, 72.9549057904412, 0
73.69867 , 3, 1, 0, 73.6986730238971, 0
73.88461 , 3, 1, 0, 73.884614832261, 0
73.94659 , -1, 1, 0, 73.9465906479779, 0
74.19452 , 3, 1, 0, 74.1945226332721, 0
74.44244 , 3, 1, 0, 74.4424402573529, 0
74.69037 , 3, 1, 0, 74.6903722426471, 0
74.93829 , -1, 1, 0, 74.9382898667279, 0
75.18622 , 3, 1, 0, 75.1862218520221, 0
75.68207 , 3, 1, 0, 75.6820714613971, 0
75.868 , 3, 1, 0, 75.8679989085478, 0
75.92999 , -1, 1, 0, 75.9299890854779, 0
76.17792 , 3, 1, 0, 76.1779210707721, 0
76.42584 , -1, 1, 0, 76.4258386948529, 0
76.67377 , 3, 2, 1, 76.6737706801471, 0
76.92169 , 3, 2, 2, -8.60364487591912, 0
77.16962 , 3, 1, 0, 77.1696202895221, 0
77.41754 , -1, 1, 0, 77.4175379136029, 0
77.66547 , 3, 1, 0, 77.6654698988971, 0
77.8514 , 3, 1, 0, 77.8514045266544, 0
77.91339 , -1, 1, 0, 77.9133875229779, 0
78.16132 , -1, 1, 0, 78.1613266888787, 0
78.40924 , 3, 1, 0, 78.4092371323529, 0
78.65717 , 3, 1, 0, 78.6571762982537, 0
78.90509 , 3, 1, 0, 78.9050867417279, 0
79.15302 , 3, 1, 0, 79.1530259076287, 0
79.40094 , -1, 4, 0, 79.4009363511029, 0
79.89679 , 3, 4, 0, 79.8967859604779, 0
80.14471 , 3, 1, 0, 80.1447035845588, 0
80.26867 , 3, 1, 0, 80.2686695772059, 0
80.39264 , 3, 2, 1, 80.3926355698529, 0
80.88849 , 3, 2, 2, -4.63684800091912, 0
80.88849 , -1, 1, 0, 80.8884851792279, 0
81.07442 , -1, 1, 0, 81.0744198069853, 0
81.26037 , -1, 1, 0, 81.2603687959559, 0
81.38434 , -1, 1, 0, 81.3843347886029, 0
81.63226 , -1, 1, 0, 81.6322667738971, 0
81.88019 , 3, 1, 0, 81.8801843979779, 0
82.12811 , 3, 1, 0, 82.1281163832721, 0
82.37604 , -1, 1, 0, 82.3760340073529, 0
82.62396 , -1, 1, 0, 82.6239659926471, 0
83.11981 , -1, 1, 0, 83.1198156020221, 0
83.24377 , 3, 1, 0, 83.2437672334559, 0
83.36774 , 3, 1, 0, 83.3677332261029, 0
83.61566 , 3, 1, 0, 83.6156652113971, 0
84.11151 , -1, 1, 0, 84.1115148207721, 0
84.35944 , 3, 1, 0, 84.3594468060662, 0
84.60736 , 3, 4, 0, 84.6073644301471, 0
85.10321 , 3, 4, 0, 85.1032140395221, 0
85.35114 , -1, 1, 0, 85.3511460248162, 0
85.59906 , -1, 1, 0, 85.5990636488971, 0
86.09491 , 3, 1, 0, 86.0949132582721, 0
86.34283 , 3, 1, 0, 86.3428237017463, 0
86.59076 , -1, 1, 0, 86.5907628676471, 0
87.08661 , -1, 1, 0, 87.0866124770221, 0
87.33453 , 3, 1, 0, 87.3345301011029, 0
87.58246 , -1, 1, 0, 87.5824620863971, 0
88.07831 , -1, 1, 0, 88.0783116957721, 0
88.32623 , 3, 1, 0, 88.3262293198529, 0
88.57416 , -1, 1, 0, 88.5741613051471, 0
88.82208 , 3, 1, 0, 88.8220789292279, 0
89.31793 , -1, 4, 0, 89.3179285386029, 0
89.56586 , 3, 1, 0, 89.5658605238971, 0
89.81378 , -1, 4, 0, 89.8137781479779, 0
90.06171 , 3, 1, 0, 90.0617101332721, 0
90.30963 , -1, 4, 0, 90.3096277573529, 0
90.55756 , 3, 1, 0, 90.5575669232537, 0
90.80548 , -1, 4, 0, 90.8054773667279, 0
91.05341 , 3, 1, 0, 91.0534165326287, 0
91.23934 , 3, 1, 0, 91.2393439797794, 0
91.30133 , -1, 4, 0, 91.3013269761029, 0
91.54926 , 3, 1, 0, 91.5492661420037, 0
91.79718 , -1, 4, 0, 91.7971765854779, 0
92.0451 , 3, 1, 0, 92.0450942095588, 0
92.29303 , -1, 4, 0, 92.2930261948529, 0
92.54095 , 3, 1, 0, 92.5409438189338, 0
92.78888 , -1, 4, 0, 92.7888758042279, 0
93.0368 , 3, 1, 0, 93.0367934283088, 0
93.22274 , 3, 1, 0, 93.2227424172794, 0
93.28473 , -1, 4, 0, 93.2847254136029, 0
93.53265 , 3, 1, 0, 93.5326573988971, 0
93.78058 , -1, 4, 0, 93.7805750229779, 0
94.0285 , -1, 1, 0, 94.0285070082721, 0
94.27643 , 3, 4, 0, 94.2764246323529, 0
94.52435 , 3, 1, 0, 94.5243566176471, 0
94.77228 , 3, 4, 0, 94.7722742417279, 0
95.0202 , 3, 1, 0, 95.0202062270221, 0
95.26813 , -1, 4, 0, 95.2681238511029, 0
95.45406 , -1, 1, 0, 95.4540656594669, 0
95.64001 , -1, 1, 0, 95.6400074678309, 0
95.76398 , 3, 4, 0, 95.7639734604779, 0
95.94991 , 3, 1, 0, 95.9499152688419, 0
96.13586 , 3, 1, 0, 96.1358570772059, 0
96.25983 , -1, 2, 1, 96.2598230698529, 0
96.75568 , 5, 3, 0, 96.7556726792279, 0
96.75568 , -1, 2, 2, 11.2303394990809, 0
